>CACACACACACA	4-CACACACACACA,BestGuess:SeqBias: CA-repeat(0.885)	8.737242	-11.065445	0	T:5.0(50.00%),B:0.3(0.47%),P:1e-4
0.084	0.788	0.001	0.127
0.792	0.002	0.043	0.163
0.082	0.750	0.043	0.125
0.793	0.082	0.043	0.082
0.122	0.592	0.082	0.204
0.877	0.001	0.081	0.041
0.122	0.630	0.123	0.125
0.877	0.041	0.041	0.041
0.204	0.539	0.087	0.170
0.917	0.041	0.001	0.041
0.163	0.668	0.082	0.087
0.796	0.081	0.001	0.122
