>TGTGTGTGTGTG	4-CACACACACACA	8.737242	-11.065445	0	T:5.0(50.00%),B:0.3(0.47%),P:1e-4
0.122	0.001	0.081	0.796
0.087	0.082	0.668	0.163
0.041	0.001	0.041	0.917
0.170	0.087	0.539	0.204
0.041	0.041	0.041	0.877
0.125	0.123	0.630	0.122
0.041	0.081	0.001	0.877
0.204	0.082	0.592	0.122
0.082	0.043	0.082	0.793
0.125	0.043	0.750	0.082
0.163	0.043	0.002	0.792
0.127	0.001	0.788	0.084
