>CCAGGAGGAA	1-CCAGGAGGAA	7.745878	-20.837273	0	T:9.0(90.00%),B:1.5(2.34%),P:1e-9	Tpos:699.5,Tstd:374.3,Bpos:816.5,Bstd:417.0,StrandBias:0.2,Multiplicity:1.44
0.176	0.709	0.114	0.001
0.114	0.772	0.057	0.057
0.885	0.001	0.057	0.057
0.057	0.057	0.824	0.062
0.057	0.057	0.881	0.005
0.942	0.001	0.001	0.056
0.062	0.057	0.880	0.001
0.114	0.119	0.710	0.057
0.828	0.114	0.001	0.057
0.600	0.001	0.228	0.171
>ACTGCCTCTG	2-ACTGCCTCTG	8.122855	-19.146665	0	T:9.0(90.00%),B:2.2(3.43%),P:1e-8	Tpos:797.1,Tstd:365.1,Bpos:811.8,Bstd:368.7,StrandBias:0.0,Multiplicity:1.78
0.594	0.199	0.096	0.111
0.001	0.997	0.001	0.001
0.095	0.001	0.007	0.897
0.191	0.001	0.603	0.205
0.001	0.610	0.095	0.294
0.001	0.997	0.001	0.001
0.095	0.001	0.095	0.809
0.001	0.517	0.197	0.285
0.094	0.001	0.001	0.904
0.001	0.102	0.795	0.102
>TYCCCTCCCY	3-TYCCCTCCCY	8.458089	-17.459488	0	T:8.0(80.00%),B:1.5(2.31%),P:1e-7	Tpos:952.6,Tstd:309.7,Bpos:562.1,Bstd:198.0,StrandBias:-0.8,Multiplicity:1.57
0.001	0.081	0.001	0.917
0.001	0.445	0.001	0.553
0.001	0.555	0.074	0.370
0.001	0.917	0.001	0.081
0.074	0.776	0.001	0.149
0.074	0.090	0.001	0.835
0.001	0.925	0.001	0.073
0.148	0.629	0.001	0.222
0.001	0.991	0.001	0.007
0.001	0.526	0.001	0.472
>CAGGGCNGGV	4-CAGGGCNGGV	8.397385	-17.459488	0	T:8.0(80.00%),B:1.7(2.61%),P:1e-7	Tpos:845.6,Tstd:338.3,Bpos:797.0,Bstd:503.7,StrandBias:-0.6,Multiplicity:1.25
0.001	0.834	0.163	0.002
0.908	0.001	0.002	0.089
0.046	0.001	0.831	0.122
0.001	0.001	0.997	0.001
0.251	0.169	0.539	0.041
0.204	0.591	0.164	0.041
0.347	0.204	0.204	0.245
0.041	0.003	0.915	0.041
0.001	0.081	0.837	0.081
0.332	0.340	0.287	0.041
>BWGTSCTGKK	5-BWGTSCTGKK	5.733348	-17.459488	0	T:8.0(80.00%),B:1.0(1.60%),P:1e-7	Tpos:945.5,Tstd:482.1,Bpos:1328.1,Bstd:19.2,StrandBias:1.2,Multiplicity:1.25
0.121	0.253	0.381	0.244
0.417	0.001	0.208	0.374
0.001	0.033	0.664	0.302
0.280	0.007	0.034	0.679
0.040	0.372	0.427	0.161
0.170	0.482	0.087	0.260
0.222	0.001	0.092	0.685
0.152	0.001	0.524	0.323
0.159	0.188	0.339	0.313
0.189	0.148	0.286	0.377
>TCTGATTTTC	6-TCTGATTTTC	6.645200	-16.523327	0	T:7.0(70.00%),B:0.3(0.47%),P:1e-7	Tpos:534.6,Tstd:373.4,Bpos:592.0,Bstd:0.0,StrandBias:0.6,Multiplicity:1.43
0.138	0.126	0.093	0.643
0.114	0.553	0.133	0.200
0.156	0.080	0.071	0.693
0.128	0.178	0.505	0.189
0.541	0.166	0.087	0.206
0.140	0.135	0.133	0.592
0.127	0.150	0.095	0.628
0.146	0.149	0.077	0.628
0.083	0.137	0.108	0.672
0.124	0.546	0.138	0.192
>TKCTGTGABT	7-TKCTGTGABT	8.744647	-16.523327	0	T:7.0(70.00%),B:0.4(0.60%),P:1e-7	Tpos:684.7,Tstd:425.2,Bpos:477.0,Bstd:0.0,StrandBias:3.0,Multiplicity:1.29
0.070	0.001	0.001	0.928
0.001	0.001	0.427	0.571
0.001	0.713	0.285	0.001
0.001	0.001	0.001	0.997
0.001	0.001	0.997	0.001
0.001	0.001	0.001	0.997
0.001	0.001	0.997	0.001
0.997	0.001	0.001	0.001
0.001	0.286	0.286	0.428
0.001	0.001	0.001	0.997
>CCTGGACCCA	8-CCTGGACCCA	6.620677	-15.877728	0	T:8.0(80.00%),B:2.4(3.68%),P:1e-6	Tpos:695.0,Tstd:429.9,Bpos:1010.0,Bstd:0.0,StrandBias:-0.8,Multiplicity:1.38
0.126	0.608	0.140	0.126
0.106	0.691	0.077	0.126
0.157	0.121	0.123	0.599
0.131	0.085	0.634	0.150
0.114	0.172	0.576	0.138
0.521	0.177	0.191	0.111
0.119	0.566	0.189	0.126
0.148	0.605	0.102	0.145
0.123	0.669	0.094	0.114
0.533	0.165	0.128	0.174
>CTCTGTGCCT	9-CTCTGTGCCT	7.913819	-14.483853	0	T:7.0(70.00%),B:1.1(1.65%),P:1e-6	Tpos:597.6,Tstd:400.8,Bpos:913.3,Bstd:102.4,StrandBias:2.9,Multiplicity:2.43
0.070	0.720	0.070	0.140
0.003	0.035	0.001	0.961
0.035	0.858	0.001	0.106
0.074	0.001	0.070	0.855
0.001	0.070	0.824	0.105
0.105	0.070	0.070	0.755
0.001	0.108	0.716	0.175
0.035	0.784	0.035	0.146
0.001	0.929	0.035	0.035
0.140	0.140	0.105	0.615
>AACAAAATAY	10-AACAAAATAY	8.996952	-13.690114	0	T:6.0(60.00%),B:0.5(0.74%),P:1e-5	Tpos:1083.6,Tstd:467.2,Bpos:18.0,Bstd:0.0,StrandBias:10.0,Multiplicity:1.17
0.894	0.005	0.100	0.001
0.609	0.005	0.291	0.095
0.195	0.608	0.196	0.001
0.808	0.001	0.001	0.190
0.803	0.001	0.001	0.195
0.899	0.001	0.001	0.099
0.698	0.005	0.291	0.006
0.001	0.001	0.004	0.994
0.699	0.200	0.001	0.100
0.201	0.291	0.095	0.413
>AAAGAAGAAT	11-AAAGAAGAAT	9.567905	-13.690114	0	T:6.0(60.00%),B:0.0(0.00%),P:1e-5	Tpos:504.2,Tstd:341.2,Bpos:0.0,Bstd:0.0,StrandBias:-1.0,Multiplicity:1.20
0.717	0.001	0.236	0.046
0.813	0.093	0.093	0.001
0.902	0.001	0.096	0.001
0.092	0.001	0.906	0.001
0.952	0.001	0.001	0.046
0.860	0.046	0.001	0.093
0.097	0.093	0.670	0.140
0.949	0.001	0.001	0.049
0.534	0.093	0.233	0.140
0.143	0.001	0.139	0.717
>AATGACCCCT	12-AATGACCCCT	8.350283	-13.690114	0	T:6.0(60.00%),B:0.7(1.12%),P:1e-5	Tpos:810.2,Tstd:309.2,Bpos:390.0,Bstd:0.0,StrandBias:2.3,Multiplicity:1.00
0.700	0.100	0.100	0.100
0.700	0.100	0.100	0.100
0.100	0.100	0.100	0.700
0.100	0.100	0.700	0.100
0.700	0.100	0.100	0.100
0.100	0.700	0.100	0.100
0.100	0.700	0.100	0.100
0.100	0.700	0.100	0.100
0.100	0.700	0.100	0.100
0.100	0.100	0.100	0.700
>ATCTGGGGCM	13-ATCTGGGGCM	9.326307	-13.690114	0	T:6.0(60.00%),B:0.4(0.68%),P:1e-5	Tpos:742.2,Tstd:454.5,Bpos:1421.0,Bstd:0.0,StrandBias:1.0,Multiplicity:1.20
0.509	0.286	0.095	0.110
0.001	0.094	0.001	0.904
0.001	0.796	0.190	0.013
0.285	0.001	0.001	0.713
0.001	0.001	0.997	0.001
0.095	0.001	0.891	0.013
0.001	0.001	0.997	0.001
0.001	0.001	0.997	0.001
0.286	0.605	0.095	0.014
0.289	0.381	0.192	0.138
>TTCWCAGWCT	14-TTCWCAGWCT	9.015083	-13.690114	0	T:6.0(60.00%),B:0.9(1.46%),P:1e-5	Tpos:863.3,Tstd:563.3,Bpos:687.0,Bstd:0.0,StrandBias:1.0,Multiplicity:1.67
0.001	0.001	0.001	0.997
0.182	0.060	0.001	0.757
0.001	0.817	0.181	0.001
0.363	0.182	0.001	0.454
0.001	0.997	0.001	0.001
0.997	0.001	0.001	0.001
0.001	0.001	0.997	0.001
0.560	0.001	0.001	0.438
0.001	0.997	0.001	0.001
0.001	0.181	0.001	0.817
>TCTKTAAAAT	15-TCTKTAAAAT	6.837764	-13.536347	0	T:8.0(80.00%),B:4.9(7.59%),P:1e-5	Tpos:631.4,Tstd:345.2,Bpos:524.7,Bstd:306.5,StrandBias:1.3,Multiplicity:2.12
0.090	0.214	0.067	0.629
0.236	0.438	0.157	0.168
0.270	0.001	0.033	0.696
0.001	0.100	0.507	0.392
0.213	0.123	0.001	0.663
0.439	0.224	0.134	0.202
0.628	0.157	0.091	0.124
0.741	0.135	0.057	0.067
0.786	0.112	0.001	0.101
0.056	0.112	0.224	0.608
>AAAGGGAAAA	16-AAAGGGAAAA	8.350283	-13.020262	0	T:7.0(70.00%),B:2.2(3.34%),P:1e-5	Tpos:902.4,Tstd:368.7,Bpos:996.5,Bstd:253.5,StrandBias:1.0,Multiplicity:1.29
0.700	0.100	0.100	0.100
0.700	0.100	0.100	0.100
0.700	0.100	0.100	0.100
0.100	0.100	0.700	0.100
0.100	0.100	0.700	0.100
0.100	0.100	0.700	0.100
0.700	0.100	0.100	0.100
0.700	0.100	0.100	0.100
0.700	0.100	0.100	0.100
0.700	0.100	0.100	0.100
>TTTTTTTTTT	17-TTTTTTTTTT	8.603106	-11.795939	0	T:6.0(60.00%),B:1.4(2.14%),P:1e-5	Tpos:634.7,Tstd:373.5,Bpos:497.8,Bstd:408.9,StrandBias:-2.2,Multiplicity:1.83
0.079	0.163	0.001	0.757
0.160	0.171	0.011	0.658
0.090	0.001	0.001	0.908
0.079	0.079	0.001	0.841
0.079	0.091	0.001	0.829
0.079	0.001	0.001	0.919
0.079	0.001	0.001	0.919
0.001	0.079	0.001	0.919
0.001	0.001	0.001	0.997
0.001	0.001	0.079	0.919
>CYGCCTCCYR	18-CYGCCTCCYR	7.905663	-11.795939	0	T:6.0(60.00%),B:1.8(2.84%),P:1e-5	Tpos:614.0,Tstd:404.5,Bpos:882.3,Bstd:207.0,StrandBias:1.0,Multiplicity:2.00
0.072	0.926	0.001	0.001
0.146	0.353	0.001	0.500
0.001	0.146	0.642	0.211
0.138	0.651	0.138	0.073
0.211	0.509	0.138	0.142
0.008	0.004	0.073	0.915
0.001	0.930	0.068	0.001
0.068	0.930	0.001	0.001
0.142	0.435	0.001	0.422
0.371	0.146	0.276	0.207
>CACATASATA	19-CACATASATA	8.925724	-10.887274	0	T:7.0(70.00%),B:4.4(6.82%),P:1e-4	Tpos:746.7,Tstd:272.8,Bpos:829.2,Bstd:493.7,StrandBias:0.3,Multiplicity:1.71
0.001	0.841	0.002	0.156
0.689	0.001	0.001	0.309
0.001	0.842	0.003	0.154
0.997	0.001	0.001	0.001
0.001	0.320	0.031	0.648
0.997	0.001	0.001	0.001
0.001	0.504	0.492	0.003
0.997	0.001	0.001	0.001
0.031	0.157	0.316	0.496
0.661	0.001	0.308	0.030
>CTCCAGACCT	20-CTCCAGACCT	8.598768	-9.416404	0	T:6.0(60.00%),B:3.2(4.92%),P:1e-4	Tpos:896.8,Tstd:409.9,Bpos:605.9,Bstd:435.8,StrandBias:-1.2,Multiplicity:2.00
0.104	0.894	0.001	0.001
0.218	0.105	0.001	0.676
0.001	0.773	0.225	0.001
0.210	0.788	0.001	0.001
0.992	0.001	0.001	0.006
0.105	0.112	0.782	0.001
0.579	0.211	0.105	0.105
0.105	0.676	0.218	0.001
0.001	0.894	0.001	0.104
0.001	0.006	0.001	0.992
>ACATAGATCA	21-ACATAGATCA	11.490573	-8.608709	0	T:4.0(40.00%),B:0.0(0.00%),P:1e-3	Tpos:883.6,Tstd:479.8,Bpos:0.0,Bstd:0.0,StrandBias:2.6,Multiplicity:1.75
0.997	0.001	0.001	0.001
0.001	0.997	0.001	0.001
0.799	0.199	0.001	0.001
0.001	0.001	0.001	0.997
0.599	0.001	0.200	0.200
0.001	0.001	0.997	0.001
0.997	0.001	0.001	0.001
0.001	0.001	0.001	0.997
0.001	0.799	0.001	0.199
0.997	0.001	0.001	0.001
>GCTGATTGGT	22-GCTGATTGGT	8.122649	-7.072559	0	T:7.0(70.00%),B:10.1(15.59%),P:1e-3	Tpos:526.1,Tstd:422.9,Bpos:639.1,Bstd:345.8,StrandBias:-1.4,Multiplicity:2.57
0.144	0.001	0.722	0.133
0.001	0.997	0.001	0.001
0.001	0.001	0.001	0.997
0.001	0.132	0.866	0.001
0.997	0.001	0.001	0.001
0.001	0.133	0.133	0.733
0.133	0.001	0.133	0.733
0.133	0.001	0.733	0.133
0.001	0.133	0.722	0.144
0.001	0.133	0.266	0.600
>CGCGGCCCGC	23-CGCGGCCCGC	9.211422	-6.291939	0	T:3.0(30.00%),B:0.7(1.13%),P:1e-2	Tpos:1289.8,Tstd:178.6,Bpos:90.9,Bstd:35.1,StrandBias:-0.3,Multiplicity:3.00
0.001	0.834	0.001	0.164
0.001	0.158	0.840	0.001
0.001	0.676	0.322	0.001
0.079	0.159	0.761	0.001
0.005	0.159	0.835	0.001
0.001	0.674	0.324	0.001
0.001	0.914	0.001	0.084
0.001	0.993	0.005	0.001
0.001	0.079	0.841	0.079
0.001	0.671	0.243	0.085
>GGCGGGCGGG	24-GGCGGGCGGG	8.350283	-4.094715	0	T:2.0(20.00%),B:0.0(0.00%),P:1e-1	Tpos:1114.0,Tstd:249.1,Bpos:0.0,Bstd:0.0,StrandBias:-1.3,Multiplicity:3.00
0.100	0.100	0.700	0.100
0.100	0.100	0.700	0.100
0.100	0.700	0.100	0.100
0.100	0.100	0.700	0.100
0.100	0.100	0.700	0.100
0.100	0.100	0.700	0.100
0.100	0.700	0.100	0.100
0.100	0.100	0.700	0.100
0.100	0.100	0.700	0.100
0.100	0.100	0.700	0.100
>GGGCGCGCGG	25-GGGCGCGCGG	9.505808	-2.456889	0	T:2.0(20.00%),B:2.6(4.08%),P:1e-1	Tpos:1141.8,Tstd:333.3,Bpos:931.5,Bstd:27.7,StrandBias:1.0,Multiplicity:3.00
0.001	0.132	0.866	0.001
0.133	0.146	0.720	0.001
0.146	0.266	0.587	0.001
0.001	0.866	0.132	0.001
0.146	0.133	0.720	0.001
0.001	0.866	0.132	0.001
0.001	0.001	0.997	0.001
0.001	0.466	0.266	0.266
0.001	0.001	0.997	0.001
0.001	0.012	0.986	0.001
