>TTTATTCAHTAA	1-TTTATTCAHTAA	10.940811	-16.523327	0	T:7.0(70.00%),B:0.9(1.46%),P:1e-7	Tpos:736.8,Tstd:396.3,Bpos:1378.0,Bstd:0.0,StrandBias:-0.3,Multiplicity:1.29
0.001	0.001	0.001	0.997
0.035	0.001	0.001	0.963
0.001	0.285	0.001	0.713
0.997	0.001	0.001	0.001
0.001	0.001	0.001	0.997
0.001	0.001	0.001	0.997
0.001	0.997	0.001	0.001
0.713	0.285	0.001	0.001
0.286	0.392	0.001	0.321
0.035	0.001	0.001	0.963
0.713	0.001	0.001	0.285
0.713	0.285	0.001	0.001
>CTTGCTTHGTGC	2-CTTGCTTHGTGC	9.726018	-16.523327	0	T:7.0(70.00%),B:0.0(0.00%),P:1e-7	Tpos:612.7,Tstd:328.3,Bpos:0.0,Bstd:0.0,StrandBias:1.3,Multiplicity:1.00
0.001	0.983	0.015	0.001
0.001	0.332	0.001	0.666
0.142	0.001	0.286	0.571
0.001	0.094	0.904	0.001
0.001	0.997	0.001	0.001
0.001	0.001	0.001	0.997
0.001	0.001	0.001	0.997
0.428	0.286	0.001	0.286
0.001	0.380	0.618	0.001
0.001	0.001	0.001	0.997
0.285	0.001	0.713	0.001
0.001	0.997	0.001	0.001
>AAAAAAAAAAAA	3-AAAAAAAAAAAA	8.931717	-14.606506	0	T:8.0(80.00%),B:3.5(5.45%),P:1e-6	Tpos:731.7,Tstd:434.7,Bpos:568.3,Bstd:450.9,StrandBias:2.1,Multiplicity:1.88
0.730	0.119	0.061	0.090
0.790	0.090	0.030	0.090
0.910	0.001	0.059	0.030
0.850	0.060	0.060	0.030
0.819	0.030	0.060	0.091
0.908	0.001	0.030	0.061
0.790	0.060	0.090	0.060
0.850	0.030	0.060	0.060
0.877	0.001	0.061	0.061
0.819	0.030	0.091	0.060
0.878	0.001	0.091	0.030
0.789	0.030	0.091	0.090
>CACACACACACA	4-CACACACACACA	8.737242	-11.065445	0	T:5.0(50.00%),B:0.3(0.47%),P:1e-4	Tpos:719.8,Tstd:255.1,Bpos:1150.0,Bstd:0.0,StrandBias:0.8,Multiplicity:1.20
0.084	0.788	0.001	0.127
0.792	0.002	0.043	0.163
0.082	0.750	0.043	0.125
0.793	0.082	0.043	0.082
0.122	0.592	0.082	0.204
0.877	0.001	0.081	0.041
0.122	0.630	0.123	0.125
0.877	0.041	0.041	0.041
0.204	0.539	0.087	0.170
0.917	0.041	0.001	0.041
0.163	0.668	0.082	0.087
0.796	0.081	0.001	0.122
>ACCAATCAGYAC	5-ACCAATCAGYAC	6.520498	-8.608709	0	T:4.0(40.00%),B:0.9(1.36%),P:1e-3	Tpos:326.0,Tstd:282.2,Bpos:505.4,Bstd:39.7,StrandBias:2.5,Multiplicity:3.25
0.997	0.001	0.001	0.001
0.285	0.713	0.001	0.001
0.001	0.713	0.001	0.285
0.997	0.001	0.001	0.001
0.713	0.285	0.001	0.001
0.001	0.001	0.001	0.997
0.001	0.997	0.001	0.001
0.997	0.001	0.001	0.001
0.001	0.001	0.997	0.001
0.001	0.427	0.001	0.571
0.666	0.001	0.332	0.001
0.001	0.997	0.001	0.001
>AGTCATTTAAAA	6-AGTCATTTAAAA	12.630745	-6.291939	0	T:3.0(30.00%),B:0.0(0.00%),P:1e-2	Tpos:519.8,Tstd:182.1,Bpos:0.0,Bstd:0.0,StrandBias:0.6,Multiplicity:1.67
0.713	0.285	0.001	0.001
0.285	0.001	0.713	0.001
0.001	0.001	0.001	0.997
0.001	0.713	0.001	0.285
0.927	0.071	0.001	0.001
0.001	0.001	0.285	0.713
0.001	0.001	0.001	0.997
0.035	0.286	0.001	0.678
0.713	0.001	0.001	0.285
0.997	0.001	0.001	0.001
0.997	0.001	0.001	0.001
0.997	0.001	0.001	0.001
