>TRGACCCA	1-TRGACCCA	8.478038	-20.837273	0	T:9.0(90.00%),B:1.3(2.08%),P:1e-9	Tpos:812.5,Tstd:439.2,Bpos:346.7,Bstd:178.5,StrandBias:0.3,Multiplicity:1.22
0.001	0.001	0.001	0.997
0.444	0.001	0.554	0.001
0.001	0.001	0.997	0.001
0.703	0.222	0.001	0.074
0.001	0.997	0.001	0.001
0.221	0.777	0.001	0.001
0.221	0.777	0.001	0.001
0.997	0.001	0.001	0.001
>TCTTCTTT	2-TCTTCTTT	8.098734	-20.837273	0	T:9.0(90.00%),B:1.9(2.88%),P:1e-9	Tpos:788.8,Tstd:489.0,Bpos:641.9,Bstd:448.4,StrandBias:1.2,Multiplicity:1.62
0.001	0.001	0.001	0.997
0.001	0.997	0.001	0.001
0.191	0.093	0.064	0.652
0.001	0.001	0.092	0.906
0.001	0.997	0.001	0.001
0.092	0.001	0.001	0.906
0.001	0.063	0.001	0.935
0.001	0.001	0.001	0.997
>TCTTTTCC	3-TCTTTTCC	8.676020	-19.292935	0	T:10.0(100.00%),B:5.8(9.00%),P:1e-8	Tpos:871.3,Tstd:345.4,Bpos:927.8,Bstd:463.6,StrandBias:-1.9,Multiplicity:1.40
0.001	0.001	0.001	0.997
0.103	0.684	0.212	0.001
0.001	0.001	0.001	0.997
0.001	0.158	0.001	0.840
0.001	0.001	0.001	0.997
0.001	0.001	0.158	0.840
0.001	0.997	0.001	0.001
0.001	0.997	0.001	0.001
>CTGCCTCT	4-CTGCCTCT	7.982081	-17.774713	0	T:9.0(90.00%),B:3.9(5.94%),P:1e-7	Tpos:965.1,Tstd:389.7,Bpos:665.7,Bstd:195.5,StrandBias:-0.2,Multiplicity:1.67
0.001	0.881	0.117	0.001
0.117	0.001	0.117	0.765
0.038	0.001	0.960	0.001
0.001	0.881	0.001	0.117
0.001	0.994	0.001	0.004
0.117	0.117	0.001	0.765
0.001	0.881	0.001	0.117
0.001	0.117	0.001	0.881
>CCCCCTTC	5-CCCCCTTC	8.258795	-17.459488	0	T:8.0(80.00%),B:1.4(2.21%),P:1e-7	Tpos:1281.4,Tstd:167.2,Bpos:993.0,Bstd:0.0,StrandBias:-0.3,Multiplicity:1.38
0.001	0.930	0.001	0.068
0.001	0.899	0.099	0.001
0.001	0.899	0.001	0.099
0.099	0.899	0.001	0.001
0.001	0.997	0.001	0.001
0.001	0.001	0.001	0.997
0.001	0.100	0.100	0.799
0.001	0.997	0.001	0.001
>AGCCAGGC	6-AGCCAGGC	8.065444	-17.459488	0	T:8.0(80.00%),B:2.0(3.06%),P:1e-7	Tpos:634.4,Tstd:262.5,Bpos:1096.8,Bstd:196.0,StrandBias:1.6,Multiplicity:1.50
0.845	0.001	0.063	0.091
0.001	0.062	0.936	0.001
0.001	0.907	0.091	0.001
0.091	0.907	0.001	0.001
0.907	0.001	0.091	0.001
0.001	0.001	0.907	0.091
0.001	0.001	0.997	0.001
0.091	0.907	0.001	0.001
>AAAATCAA	7-AAAATCAA	8.665425	-15.877728	0	T:8.0(80.00%),B:2.4(3.69%),P:1e-6	Tpos:794.7,Tstd:424.0,Bpos:978.8,Bstd:439.0,StrandBias:1.4,Multiplicity:1.38
0.997	0.001	0.001	0.001
0.997	0.001	0.001	0.001
0.997	0.001	0.001	0.001
0.891	0.107	0.001	0.001
0.001	0.001	0.001	0.997
0.001	0.997	0.001	0.001
0.997	0.001	0.001	0.001
0.842	0.001	0.156	0.001
>CACTTCCT	8-CACTTCCT	8.112456	-15.877728	0	T:8.0(80.00%),B:2.7(4.22%),P:1e-6	Tpos:865.3,Tstd:389.0,Bpos:1001.0,Bstd:256.0,StrandBias:1.4,Multiplicity:1.38
0.001	0.925	0.001	0.073
0.587	0.376	0.036	0.001
0.215	0.637	0.001	0.147
0.001	0.073	0.073	0.853
0.001	0.073	0.001	0.925
0.001	0.925	0.001	0.073
0.107	0.785	0.107	0.001
0.001	0.401	0.001	0.597
>TCTGTSTC	9-TCTGTSTC	7.846243	-15.866658	0	T:10.0(100.00%),B:9.2(14.12%),P:1e-6	Tpos:673.5,Tstd:411.4,Bpos:801.9,Bstd:544.0,StrandBias:-0.8,Multiplicity:2.20
0.001	0.308	0.001	0.690
0.001	0.930	0.068	0.001
0.001	0.001	0.001	0.997
0.001	0.069	0.861	0.069
0.001	0.137	0.069	0.793
0.001	0.447	0.483	0.069
0.069	0.069	0.001	0.861
0.206	0.481	0.312	0.001
>GCTCCTGG	10-GCTCCTGG	8.258795	-14.483853	0	T:7.0(70.00%),B:1.4(2.22%),P:1e-6	Tpos:897.5,Tstd:398.5,Bpos:578.7,Bstd:299.5,StrandBias:0.2,Multiplicity:1.86
0.001	0.100	0.799	0.100
0.001	0.899	0.099	0.001
0.001	0.001	0.001	0.997
0.001	0.899	0.099	0.001
0.001	0.997	0.001	0.001
0.001	0.001	0.099	0.899
0.068	0.001	0.930	0.001
0.001	0.001	0.997	0.001
>TTCCTTCC	11-TTCCTTCC	7.654220	-13.690114	0	T:6.0(60.00%),B:0.6(0.86%),P:1e-5	Tpos:679.4,Tstd:363.9,Bpos:1116.0,Bstd:0.0,StrandBias:0.7,Multiplicity:1.33
0.090	0.006	0.094	0.810
0.001	0.280	0.012	0.707
0.001	0.638	0.150	0.211
0.001	0.997	0.001	0.001
0.090	0.281	0.001	0.628
0.001	0.090	0.096	0.813
0.096	0.513	0.094	0.297
0.001	0.754	0.098	0.147
>CTCAGTGY	12-CTCAGTGY	8.296278	-13.020262	0	T:7.0(70.00%),B:2.3(3.60%),P:1e-5	Tpos:725.6,Tstd:439.1,Bpos:878.2,Bstd:292.1,StrandBias:1.9,Multiplicity:2.00
0.001	0.997	0.001	0.001
0.001	0.001	0.001	0.997
0.001	0.798	0.001	0.200
0.997	0.001	0.001	0.001
0.001	0.001	0.997	0.001
0.026	0.001	0.001	0.972
0.001	0.340	0.658	0.001
0.001	0.514	0.001	0.484
>ATCTGGGG	13-ATCTGGGG	8.403314	-11.795939	0	T:6.0(60.00%),B:1.0(1.55%),P:1e-5	Tpos:628.2,Tstd:452.3,Bpos:903.5,Bstd:322.6,StrandBias:1.6,Multiplicity:1.33
0.740	0.097	0.097	0.066
0.096	0.001	0.001	0.902
0.001	0.933	0.065	0.001
0.001	0.001	0.001	0.997
0.001	0.096	0.902	0.001
0.065	0.001	0.933	0.001
0.001	0.001	0.997	0.001
0.001	0.001	0.997	0.001
>AATTTCCC	14-AATTTCCC	8.755643	-11.795939	0	T:6.0(60.00%),B:1.2(1.90%),P:1e-5	Tpos:705.7,Tstd:463.2,Bpos:637.3,Bstd:488.2,StrandBias:1.0,Multiplicity:1.50
0.997	0.001	0.001	0.001
0.997	0.001	0.001	0.001
0.001	0.001	0.001	0.997
0.137	0.001	0.137	0.725
0.001	0.001	0.001	0.997
0.001	0.997	0.001	0.001
0.136	0.862	0.001	0.001
0.001	0.997	0.001	0.001
>TCTCCAGC	15-TCTCCAGC	8.121761	-11.795939	0	T:6.0(60.00%),B:1.4(2.10%),P:1e-5	Tpos:1038.1,Tstd:324.7,Bpos:709.6,Bstd:25.1,StrandBias:1.2,Multiplicity:1.67
0.166	0.001	0.307	0.526
0.001	0.833	0.165	0.001
0.153	0.001	0.001	0.845
0.001	0.475	0.308	0.217
0.001	0.941	0.057	0.001
0.845	0.153	0.001	0.001
0.154	0.060	0.632	0.154
0.001	0.996	0.001	0.002
>AAACAAAA	16-AAACAAAA	10.920822	-8.608709	0	T:4.0(40.00%),B:0.6(0.95%),P:1e-3	Tpos:1154.2,Tstd:482.0,Bpos:804.0,Bstd:0.0,StrandBias:10.0,Multiplicity:1.25
0.997	0.001	0.001	0.001
0.997	0.001	0.001	0.001
0.997	0.001	0.001	0.001
0.001	0.997	0.001	0.001
0.862	0.001	0.136	0.001
0.997	0.001	0.001	0.001
0.997	0.001	0.001	0.001
0.997	0.001	0.001	0.001
>AGGAATAG	17-AGGAATAG	8.236954	-8.146178	0	T:5.0(50.00%),B:2.2(3.46%),P:1e-3	Tpos:450.4,Tstd:354.4,Bpos:401.3,Bstd:178.3,StrandBias:2.0,Multiplicity:1.00
0.700	0.100	0.100	0.100
0.100	0.100	0.700	0.100
0.100	0.100	0.700	0.100
0.700	0.100	0.100	0.100
0.700	0.100	0.100	0.100
0.100	0.100	0.100	0.700
0.700	0.100	0.100	0.100
0.100	0.100	0.700	0.100
>CATCCCAT	18-CATCCCAT	7.725390	-7.229010	0	T:5.0(50.00%),B:3.5(5.40%),P:1e-3	Tpos:908.9,Tstd:491.9,Bpos:1303.6,Bstd:172.8,StrandBias:-1.0,Multiplicity:2.40
0.001	0.997	0.001	0.001
0.997	0.001	0.001	0.001
0.001	0.332	0.001	0.666
0.001	0.997	0.001	0.001
0.001	0.997	0.001	0.001
0.106	0.851	0.042	0.001
0.997	0.001	0.001	0.001
0.001	0.001	0.001	0.997
>AAAAAAAA	19-AAAAAAAA	8.236954	-6.618211	0	T:6.0(60.00%),B:7.4(11.34%),P:1e-2	Tpos:548.7,Tstd:372.0,Bpos:573.1,Bstd:277.5,StrandBias:2.2,Multiplicity:1.50
0.700	0.100	0.100	0.100
0.700	0.100	0.100	0.100
0.700	0.100	0.100	0.100
0.700	0.100	0.100	0.100
0.700	0.100	0.100	0.100
0.700	0.100	0.100	0.100
0.700	0.100	0.100	0.100
0.700	0.100	0.100	0.100
>CTCTGTAA	20-CTCTGTAA	9.398009	-6.291939	0	T:3.0(30.00%),B:0.4(0.68%),P:1e-2	Tpos:406.7,Tstd:333.2,Bpos:1381.0,Bstd:0.0,StrandBias:1.3,Multiplicity:2.33
0.001	0.997	0.001	0.001
0.001	0.001	0.001	0.997
0.001	0.997	0.001	0.001
0.001	0.001	0.001	0.997
0.001	0.001	0.997	0.001
0.001	0.001	0.001	0.997
0.997	0.001	0.001	0.001
0.810	0.001	0.188	0.001
>ATGAATAA	21-ATGAATAA	10.647881	-6.043378	0	T:4.0(40.00%),B:2.2(3.33%),P:1e-2	Tpos:779.7,Tstd:218.8,Bpos:874.8,Bstd:402.1,StrandBias:0.4,Multiplicity:1.75
0.722	0.001	0.276	0.001
0.092	0.001	0.001	0.906
0.001	0.001	0.997	0.001
0.997	0.001	0.001	0.001
0.997	0.001	0.001	0.001
0.001	0.001	0.001	0.997
0.997	0.001	0.001	0.001
0.997	0.001	0.001	0.001
>GGAGTTCA	22-GGAGTTCA	8.236954	-6.043378	0	T:4.0(40.00%),B:2.4(3.68%),P:1e-2	Tpos:702.2,Tstd:483.8,Bpos:962.0,Bstd:0.0,StrandBias:2.0,Multiplicity:1.25
0.100	0.100	0.700	0.100
0.100	0.100	0.700	0.100
0.700	0.100	0.100	0.100
0.100	0.100	0.700	0.100
0.100	0.100	0.100	0.700
0.100	0.100	0.100	0.700
0.100	0.700	0.100	0.100
0.700	0.100	0.100	0.100
>CTGATTGG	23-CTGATTGG	6.097300	-5.854380	0	T:5.0(50.00%),B:5.9(9.05%),P:1e-2	Tpos:524.9,Tstd:444.5,Bpos:927.9,Bstd:209.2,StrandBias:-1.9,Multiplicity:2.80
0.113	0.661	0.128	0.098
0.165	0.054	0.080	0.701
0.113	0.170	0.584	0.133
0.609	0.183	0.112	0.096
0.137	0.162	0.164	0.537
0.109	0.046	0.130	0.715
0.120	0.085	0.637	0.158
0.108	0.164	0.558	0.170
