>CCAGGAGGAA	1-CCAGGAGGAA	7.745878	-20.837273	0	T:9.0(90.00%),B:1.5(2.34%),P:1e-9	Tpos:699.5,Tstd:374.3,Bpos:816.5,Bstd:417.0,StrandBias:0.2,Multiplicity:1.44
0.176	0.709	0.114	0.001
0.114	0.772	0.057	0.057
0.885	0.001	0.057	0.057
0.057	0.057	0.824	0.062
0.057	0.057	0.881	0.005
0.942	0.001	0.001	0.056
0.062	0.057	0.880	0.001
0.114	0.119	0.710	0.057
0.828	0.114	0.001	0.057
0.600	0.001	0.228	0.171
>ACTGCCTCTG	2-ACTGCCTCTG	8.122855	-19.146665	0	T:9.0(90.00%),B:2.2(3.43%),P:1e-8	Tpos:797.1,Tstd:365.1,Bpos:811.8,Bstd:368.7,StrandBias:0.0,Multiplicity:1.78
0.594	0.199	0.096	0.111
0.001	0.997	0.001	0.001
0.095	0.001	0.007	0.897
0.191	0.001	0.603	0.205
0.001	0.610	0.095	0.294
0.001	0.997	0.001	0.001
0.095	0.001	0.095	0.809
0.001	0.517	0.197	0.285
0.094	0.001	0.001	0.904
0.001	0.102	0.795	0.102
>TYCCCTCCCY	3-TYCCCTCCCY	8.458089	-17.459488	0	T:8.0(80.00%),B:1.5(2.31%),P:1e-7	Tpos:952.6,Tstd:309.7,Bpos:562.1,Bstd:198.0,StrandBias:-0.8,Multiplicity:1.57
0.001	0.081	0.001	0.917
0.001	0.445	0.001	0.553
0.001	0.555	0.074	0.370
0.001	0.917	0.001	0.081
0.074	0.776	0.001	0.149
0.074	0.090	0.001	0.835
0.001	0.925	0.001	0.073
0.148	0.629	0.001	0.222
0.001	0.991	0.001	0.007
0.001	0.526	0.001	0.472
>CAGGGCNGGV	4-CAGGGCNGGV	8.397385	-17.459488	0	T:8.0(80.00%),B:1.7(2.61%),P:1e-7	Tpos:845.6,Tstd:338.3,Bpos:797.0,Bstd:503.7,StrandBias:-0.6,Multiplicity:1.25
0.001	0.834	0.163	0.002
0.908	0.001	0.002	0.089
0.046	0.001	0.831	0.122
0.001	0.001	0.997	0.001
0.251	0.169	0.539	0.041
0.204	0.591	0.164	0.041
0.347	0.204	0.204	0.245
0.041	0.003	0.915	0.041
0.001	0.081	0.837	0.081
0.332	0.340	0.287	0.041
>BWGTSCTGKK	5-BWGTSCTGKK	5.733348	-17.459488	0	T:8.0(80.00%),B:1.0(1.60%),P:1e-7	Tpos:945.5,Tstd:482.1,Bpos:1328.1,Bstd:19.2,StrandBias:1.2,Multiplicity:1.25
0.121	0.253	0.381	0.244
0.417	0.001	0.208	0.374
0.001	0.033	0.664	0.302
0.280	0.007	0.034	0.679
0.040	0.372	0.427	0.161
0.170	0.482	0.087	0.260
0.222	0.001	0.092	0.685
0.152	0.001	0.524	0.323
0.159	0.188	0.339	0.313
0.189	0.148	0.286	0.377
>TCTGATTTTC	6-TCTGATTTTC	6.645200	-16.523327	0	T:7.0(70.00%),B:0.3(0.47%),P:1e-7	Tpos:534.6,Tstd:373.4,Bpos:592.0,Bstd:0.0,StrandBias:0.6,Multiplicity:1.43
0.138	0.126	0.093	0.643
0.114	0.553	0.133	0.200
0.156	0.080	0.071	0.693
0.128	0.178	0.505	0.189
0.541	0.166	0.087	0.206
0.140	0.135	0.133	0.592
0.127	0.150	0.095	0.628
0.146	0.149	0.077	0.628
0.083	0.137	0.108	0.672
0.124	0.546	0.138	0.192
>TKCTGTGABT	7-TKCTGTGABT	8.744647	-16.523327	0	T:7.0(70.00%),B:0.4(0.60%),P:1e-7	Tpos:684.7,Tstd:425.2,Bpos:477.0,Bstd:0.0,StrandBias:3.0,Multiplicity:1.29
0.070	0.001	0.001	0.928
0.001	0.001	0.427	0.571
0.001	0.713	0.285	0.001
0.001	0.001	0.001	0.997
0.001	0.001	0.997	0.001
0.001	0.001	0.001	0.997
0.001	0.001	0.997	0.001
0.997	0.001	0.001	0.001
0.001	0.286	0.286	0.428
0.001	0.001	0.001	0.997
>CCTGGACCCA	8-CCTGGACCCA	6.620677	-15.877728	0	T:8.0(80.00%),B:2.4(3.68%),P:1e-6	Tpos:695.0,Tstd:429.9,Bpos:1010.0,Bstd:0.0,StrandBias:-0.8,Multiplicity:1.38
0.126	0.608	0.140	0.126
0.106	0.691	0.077	0.126
0.157	0.121	0.123	0.599
0.131	0.085	0.634	0.150
0.114	0.172	0.576	0.138
0.521	0.177	0.191	0.111
0.119	0.566	0.189	0.126
0.148	0.605	0.102	0.145
0.123	0.669	0.094	0.114
0.533	0.165	0.128	0.174
>CTCTGTGCCT	9-CTCTGTGCCT	7.913819	-14.483853	0	T:7.0(70.00%),B:1.1(1.65%),P:1e-6	Tpos:597.6,Tstd:400.8,Bpos:913.3,Bstd:102.4,StrandBias:2.9,Multiplicity:2.43
0.070	0.720	0.070	0.140
0.003	0.035	0.001	0.961
0.035	0.858	0.001	0.106
0.074	0.001	0.070	0.855
0.001	0.070	0.824	0.105
0.105	0.070	0.070	0.755
0.001	0.108	0.716	0.175
0.035	0.784	0.035	0.146
0.001	0.929	0.035	0.035
0.140	0.140	0.105	0.615
>AACAAAATAY	10-AACAAAATAY	8.996952	-13.690114	0	T:6.0(60.00%),B:0.5(0.74%),P:1e-5	Tpos:1083.6,Tstd:467.2,Bpos:18.0,Bstd:0.0,StrandBias:10.0,Multiplicity:1.17
0.894	0.005	0.100	0.001
0.609	0.005	0.291	0.095
0.195	0.608	0.196	0.001
0.808	0.001	0.001	0.190
0.803	0.001	0.001	0.195
0.899	0.001	0.001	0.099
0.698	0.005	0.291	0.006
0.001	0.001	0.004	0.994
0.699	0.200	0.001	0.100
0.201	0.291	0.095	0.413
>AAAGAAGAAT	11-AAAGAAGAAT	9.567905	-13.690114	0	T:6.0(60.00%),B:0.0(0.00%),P:1e-5	Tpos:504.2,Tstd:341.2,Bpos:0.0,Bstd:0.0,StrandBias:-1.0,Multiplicity:1.20
0.717	0.001	0.236	0.046
0.813	0.093	0.093	0.001
0.902	0.001	0.096	0.001
0.092	0.001	0.906	0.001
0.952	0.001	0.001	0.046
0.860	0.046	0.001	0.093
0.097	0.093	0.670	0.140
0.949	0.001	0.001	0.049
0.534	0.093	0.233	0.140
0.143	0.001	0.139	0.717
>AATGACCCCT	12-AATGACCCCT	8.350283	-13.690114	0	T:6.0(60.00%),B:0.7(1.12%),P:1e-5	Tpos:810.2,Tstd:309.2,Bpos:390.0,Bstd:0.0,StrandBias:2.3,Multiplicity:1.00
0.700	0.100	0.100	0.100
0.700	0.100	0.100	0.100
0.100	0.100	0.100	0.700
0.100	0.100	0.700	0.100
0.700	0.100	0.100	0.100
0.100	0.700	0.100	0.100
0.100	0.700	0.100	0.100
0.100	0.700	0.100	0.100
0.100	0.700	0.100	0.100
0.100	0.100	0.100	0.700
>ATCTGGGGCM	13-ATCTGGGGCM	9.326307	-13.690114	0	T:6.0(60.00%),B:0.4(0.68%),P:1e-5	Tpos:742.2,Tstd:454.5,Bpos:1421.0,Bstd:0.0,StrandBias:1.0,Multiplicity:1.20
0.509	0.286	0.095	0.110
0.001	0.094	0.001	0.904
0.001	0.796	0.190	0.013
0.285	0.001	0.001	0.713
0.001	0.001	0.997	0.001
0.095	0.001	0.891	0.013
0.001	0.001	0.997	0.001
0.001	0.001	0.997	0.001
0.286	0.605	0.095	0.014
0.289	0.381	0.192	0.138
>TTCWCAGWCT	14-TTCWCAGWCT	9.015083	-13.690114	0	T:6.0(60.00%),B:0.9(1.46%),P:1e-5	Tpos:863.3,Tstd:563.3,Bpos:687.0,Bstd:0.0,StrandBias:1.0,Multiplicity:1.67
0.001	0.001	0.001	0.997
0.182	0.060	0.001	0.757
0.001	0.817	0.181	0.001
0.363	0.182	0.001	0.454
0.001	0.997	0.001	0.001
0.997	0.001	0.001	0.001
0.001	0.001	0.997	0.001
0.560	0.001	0.001	0.438
0.001	0.997	0.001	0.001
0.001	0.181	0.001	0.817
>TCTKTAAAAT	15-TCTKTAAAAT	6.837764	-13.536347	0	T:8.0(80.00%),B:4.9(7.59%),P:1e-5	Tpos:631.4,Tstd:345.2,Bpos:524.7,Bstd:306.5,StrandBias:1.3,Multiplicity:2.12
0.090	0.214	0.067	0.629
0.236	0.438	0.157	0.168
0.270	0.001	0.033	0.696
0.001	0.100	0.507	0.392
0.213	0.123	0.001	0.663
0.439	0.224	0.134	0.202
0.628	0.157	0.091	0.124
0.741	0.135	0.057	0.067
0.786	0.112	0.001	0.101
0.056	0.112	0.224	0.608
>AAAGGGAAAA	16-AAAGGGAAAA	8.350283	-13.020262	0	T:7.0(70.00%),B:2.2(3.34%),P:1e-5	Tpos:902.4,Tstd:368.7,Bpos:996.5,Bstd:253.5,StrandBias:1.0,Multiplicity:1.29
0.700	0.100	0.100	0.100
0.700	0.100	0.100	0.100
0.700	0.100	0.100	0.100
0.100	0.100	0.700	0.100
0.100	0.100	0.700	0.100
0.100	0.100	0.700	0.100
0.700	0.100	0.100	0.100
0.700	0.100	0.100	0.100
0.700	0.100	0.100	0.100
0.700	0.100	0.100	0.100
>TTTTTTTTTT	17-TTTTTTTTTT	8.603106	-11.795939	0	T:6.0(60.00%),B:1.4(2.14%),P:1e-5	Tpos:634.7,Tstd:373.5,Bpos:497.8,Bstd:408.9,StrandBias:-2.2,Multiplicity:1.83
0.079	0.163	0.001	0.757
0.160	0.171	0.011	0.658
0.090	0.001	0.001	0.908
0.079	0.079	0.001	0.841
0.079	0.091	0.001	0.829
0.079	0.001	0.001	0.919
0.079	0.001	0.001	0.919
0.001	0.079	0.001	0.919
0.001	0.001	0.001	0.997
0.001	0.001	0.079	0.919
>CYGCCTCCYR	18-CYGCCTCCYR	7.905663	-11.795939	0	T:6.0(60.00%),B:1.8(2.84%),P:1e-5	Tpos:614.0,Tstd:404.5,Bpos:882.3,Bstd:207.0,StrandBias:1.0,Multiplicity:2.00
0.072	0.926	0.001	0.001
0.146	0.353	0.001	0.500
0.001	0.146	0.642	0.211
0.138	0.651	0.138	0.073
0.211	0.509	0.138	0.142
0.008	0.004	0.073	0.915
0.001	0.930	0.068	0.001
0.068	0.930	0.001	0.001
0.142	0.435	0.001	0.422
0.371	0.146	0.276	0.207
>CACATASATA	19-CACATASATA	8.925724	-10.887274	0	T:7.0(70.00%),B:4.4(6.82%),P:1e-4	Tpos:746.7,Tstd:272.8,Bpos:829.2,Bstd:493.7,StrandBias:0.3,Multiplicity:1.71
0.001	0.841	0.002	0.156
0.689	0.001	0.001	0.309
0.001	0.842	0.003	0.154
0.997	0.001	0.001	0.001
0.001	0.320	0.031	0.648
0.997	0.001	0.001	0.001
0.001	0.504	0.492	0.003
0.997	0.001	0.001	0.001
0.031	0.157	0.316	0.496
0.661	0.001	0.308	0.030
>CTCCAGACCT	20-CTCCAGACCT	8.598768	-9.416404	0	T:6.0(60.00%),B:3.2(4.92%),P:1e-4	Tpos:896.8,Tstd:409.9,Bpos:605.9,Bstd:435.8,StrandBias:-1.2,Multiplicity:2.00
0.104	0.894	0.001	0.001
0.218	0.105	0.001	0.676
0.001	0.773	0.225	0.001
0.210	0.788	0.001	0.001
0.992	0.001	0.001	0.006
0.105	0.112	0.782	0.001
0.579	0.211	0.105	0.105
0.105	0.676	0.218	0.001
0.001	0.894	0.001	0.104
0.001	0.006	0.001	0.992
>ACATAGATCA	21-ACATAGATCA	11.490573	-8.608709	0	T:4.0(40.00%),B:0.0(0.00%),P:1e-3	Tpos:883.6,Tstd:479.8,Bpos:0.0,Bstd:0.0,StrandBias:2.6,Multiplicity:1.75
0.997	0.001	0.001	0.001
0.001	0.997	0.001	0.001
0.799	0.199	0.001	0.001
0.001	0.001	0.001	0.997
0.599	0.001	0.200	0.200
0.001	0.001	0.997	0.001
0.997	0.001	0.001	0.001
0.001	0.001	0.001	0.997
0.001	0.799	0.001	0.199
0.997	0.001	0.001	0.001
>GCTGATTGGT	22-GCTGATTGGT	8.122649	-7.072559	0	T:7.0(70.00%),B:10.1(15.59%),P:1e-3	Tpos:526.1,Tstd:422.9,Bpos:639.1,Bstd:345.8,StrandBias:-1.4,Multiplicity:2.57
0.144	0.001	0.722	0.133
0.001	0.997	0.001	0.001
0.001	0.001	0.001	0.997
0.001	0.132	0.866	0.001
0.997	0.001	0.001	0.001
0.001	0.133	0.133	0.733
0.133	0.001	0.133	0.733
0.133	0.001	0.733	0.133
0.001	0.133	0.722	0.144
0.001	0.133	0.266	0.600
>CGCGGCCCGC	23-CGCGGCCCGC	9.211422	-6.291939	0	T:3.0(30.00%),B:0.7(1.13%),P:1e-2	Tpos:1289.8,Tstd:178.6,Bpos:90.9,Bstd:35.1,StrandBias:-0.3,Multiplicity:3.00
0.001	0.834	0.001	0.164
0.001	0.158	0.840	0.001
0.001	0.676	0.322	0.001
0.079	0.159	0.761	0.001
0.005	0.159	0.835	0.001
0.001	0.674	0.324	0.001
0.001	0.914	0.001	0.084
0.001	0.993	0.005	0.001
0.001	0.079	0.841	0.079
0.001	0.671	0.243	0.085
>GGCGGGCGGG	24-GGCGGGCGGG	8.350283	-4.094715	0	T:2.0(20.00%),B:0.0(0.00%),P:1e-1	Tpos:1114.0,Tstd:249.1,Bpos:0.0,Bstd:0.0,StrandBias:-1.3,Multiplicity:3.00
0.100	0.100	0.700	0.100
0.100	0.100	0.700	0.100
0.100	0.700	0.100	0.100
0.100	0.100	0.700	0.100
0.100	0.100	0.700	0.100
0.100	0.100	0.700	0.100
0.100	0.700	0.100	0.100
0.100	0.100	0.700	0.100
0.100	0.100	0.700	0.100
0.100	0.100	0.700	0.100
>GGGCGCGCGG	25-GGGCGCGCGG	9.505808	-2.456889	0	T:2.0(20.00%),B:2.6(4.08%),P:1e-1	Tpos:1141.8,Tstd:333.3,Bpos:931.5,Bstd:27.7,StrandBias:1.0,Multiplicity:3.00
0.001	0.132	0.866	0.001
0.133	0.146	0.720	0.001
0.146	0.266	0.587	0.001
0.001	0.866	0.132	0.001
0.146	0.133	0.720	0.001
0.001	0.866	0.132	0.001
0.001	0.001	0.997	0.001
0.001	0.466	0.266	0.266
0.001	0.001	0.997	0.001
0.001	0.012	0.986	0.001
>TTTATTCAHTAA	1-TTTATTCAHTAA	10.940811	-16.523327	0	T:7.0(70.00%),B:0.9(1.46%),P:1e-7	Tpos:736.8,Tstd:396.3,Bpos:1378.0,Bstd:0.0,StrandBias:-0.3,Multiplicity:1.29
0.001	0.001	0.001	0.997
0.035	0.001	0.001	0.963
0.001	0.285	0.001	0.713
0.997	0.001	0.001	0.001
0.001	0.001	0.001	0.997
0.001	0.001	0.001	0.997
0.001	0.997	0.001	0.001
0.713	0.285	0.001	0.001
0.286	0.392	0.001	0.321
0.035	0.001	0.001	0.963
0.713	0.001	0.001	0.285
0.713	0.285	0.001	0.001
>CTTGCTTHGTGC	2-CTTGCTTHGTGC	9.726018	-16.523327	0	T:7.0(70.00%),B:0.0(0.00%),P:1e-7	Tpos:612.7,Tstd:328.3,Bpos:0.0,Bstd:0.0,StrandBias:1.3,Multiplicity:1.00
0.001	0.983	0.015	0.001
0.001	0.332	0.001	0.666
0.142	0.001	0.286	0.571
0.001	0.094	0.904	0.001
0.001	0.997	0.001	0.001
0.001	0.001	0.001	0.997
0.001	0.001	0.001	0.997
0.428	0.286	0.001	0.286
0.001	0.380	0.618	0.001
0.001	0.001	0.001	0.997
0.285	0.001	0.713	0.001
0.001	0.997	0.001	0.001
>AAAAAAAAAAAA	3-AAAAAAAAAAAA	8.931717	-14.606506	0	T:8.0(80.00%),B:3.5(5.45%),P:1e-6	Tpos:731.7,Tstd:434.7,Bpos:568.3,Bstd:450.9,StrandBias:2.1,Multiplicity:1.88
0.730	0.119	0.061	0.090
0.790	0.090	0.030	0.090
0.910	0.001	0.059	0.030
0.850	0.060	0.060	0.030
0.819	0.030	0.060	0.091
0.908	0.001	0.030	0.061
0.790	0.060	0.090	0.060
0.850	0.030	0.060	0.060
0.877	0.001	0.061	0.061
0.819	0.030	0.091	0.060
0.878	0.001	0.091	0.030
0.789	0.030	0.091	0.090
>CACACACACACA	4-CACACACACACA	8.737242	-11.065445	0	T:5.0(50.00%),B:0.3(0.47%),P:1e-4	Tpos:719.8,Tstd:255.1,Bpos:1150.0,Bstd:0.0,StrandBias:0.8,Multiplicity:1.20
0.084	0.788	0.001	0.127
0.792	0.002	0.043	0.163
0.082	0.750	0.043	0.125
0.793	0.082	0.043	0.082
0.122	0.592	0.082	0.204
0.877	0.001	0.081	0.041
0.122	0.630	0.123	0.125
0.877	0.041	0.041	0.041
0.204	0.539	0.087	0.170
0.917	0.041	0.001	0.041
0.163	0.668	0.082	0.087
0.796	0.081	0.001	0.122
>ACCAATCAGYAC	5-ACCAATCAGYAC	6.520498	-8.608709	0	T:4.0(40.00%),B:0.9(1.36%),P:1e-3	Tpos:326.0,Tstd:282.2,Bpos:505.4,Bstd:39.7,StrandBias:2.5,Multiplicity:3.25
0.997	0.001	0.001	0.001
0.285	0.713	0.001	0.001
0.001	0.713	0.001	0.285
0.997	0.001	0.001	0.001
0.713	0.285	0.001	0.001
0.001	0.001	0.001	0.997
0.001	0.997	0.001	0.001
0.997	0.001	0.001	0.001
0.001	0.001	0.997	0.001
0.001	0.427	0.001	0.571
0.666	0.001	0.332	0.001
0.001	0.997	0.001	0.001
>AGTCATTTAAAA	6-AGTCATTTAAAA	12.630745	-6.291939	0	T:3.0(30.00%),B:0.0(0.00%),P:1e-2	Tpos:519.8,Tstd:182.1,Bpos:0.0,Bstd:0.0,StrandBias:0.6,Multiplicity:1.67
0.713	0.285	0.001	0.001
0.285	0.001	0.713	0.001
0.001	0.001	0.001	0.997
0.001	0.713	0.001	0.285
0.927	0.071	0.001	0.001
0.001	0.001	0.285	0.713
0.001	0.001	0.001	0.997
0.035	0.286	0.001	0.678
0.713	0.001	0.001	0.285
0.997	0.001	0.001	0.001
0.997	0.001	0.001	0.001
0.997	0.001	0.001	0.001
>TRGACCCA	1-TRGACCCA	8.478038	-20.837273	0	T:9.0(90.00%),B:1.3(2.08%),P:1e-9	Tpos:812.5,Tstd:439.2,Bpos:346.7,Bstd:178.5,StrandBias:0.3,Multiplicity:1.22
0.001	0.001	0.001	0.997
0.444	0.001	0.554	0.001
0.001	0.001	0.997	0.001
0.703	0.222	0.001	0.074
0.001	0.997	0.001	0.001
0.221	0.777	0.001	0.001
0.221	0.777	0.001	0.001
0.997	0.001	0.001	0.001
>TCTTCTTT	2-TCTTCTTT	8.098734	-20.837273	0	T:9.0(90.00%),B:1.9(2.88%),P:1e-9	Tpos:788.8,Tstd:489.0,Bpos:641.9,Bstd:448.4,StrandBias:1.2,Multiplicity:1.62
0.001	0.001	0.001	0.997
0.001	0.997	0.001	0.001
0.191	0.093	0.064	0.652
0.001	0.001	0.092	0.906
0.001	0.997	0.001	0.001
0.092	0.001	0.001	0.906
0.001	0.063	0.001	0.935
0.001	0.001	0.001	0.997
>TCTTTTCC	3-TCTTTTCC	8.676020	-19.292935	0	T:10.0(100.00%),B:5.8(9.00%),P:1e-8	Tpos:871.3,Tstd:345.4,Bpos:927.8,Bstd:463.6,StrandBias:-1.9,Multiplicity:1.40
0.001	0.001	0.001	0.997
0.103	0.684	0.212	0.001
0.001	0.001	0.001	0.997
0.001	0.158	0.001	0.840
0.001	0.001	0.001	0.997
0.001	0.001	0.158	0.840
0.001	0.997	0.001	0.001
0.001	0.997	0.001	0.001
>CTGCCTCT	4-CTGCCTCT	7.982081	-17.774713	0	T:9.0(90.00%),B:3.9(5.94%),P:1e-7	Tpos:965.1,Tstd:389.7,Bpos:665.7,Bstd:195.5,StrandBias:-0.2,Multiplicity:1.67
0.001	0.881	0.117	0.001
0.117	0.001	0.117	0.765
0.038	0.001	0.960	0.001
0.001	0.881	0.001	0.117
0.001	0.994	0.001	0.004
0.117	0.117	0.001	0.765
0.001	0.881	0.001	0.117
0.001	0.117	0.001	0.881
>CCCCCTTC	5-CCCCCTTC	8.258795	-17.459488	0	T:8.0(80.00%),B:1.4(2.21%),P:1e-7	Tpos:1281.4,Tstd:167.2,Bpos:993.0,Bstd:0.0,StrandBias:-0.3,Multiplicity:1.38
0.001	0.930	0.001	0.068
0.001	0.899	0.099	0.001
0.001	0.899	0.001	0.099
0.099	0.899	0.001	0.001
0.001	0.997	0.001	0.001
0.001	0.001	0.001	0.997
0.001	0.100	0.100	0.799
0.001	0.997	0.001	0.001
>AGCCAGGC	6-AGCCAGGC	8.065444	-17.459488	0	T:8.0(80.00%),B:2.0(3.06%),P:1e-7	Tpos:634.4,Tstd:262.5,Bpos:1096.8,Bstd:196.0,StrandBias:1.6,Multiplicity:1.50
0.845	0.001	0.063	0.091
0.001	0.062	0.936	0.001
0.001	0.907	0.091	0.001
0.091	0.907	0.001	0.001
0.907	0.001	0.091	0.001
0.001	0.001	0.907	0.091
0.001	0.001	0.997	0.001
0.091	0.907	0.001	0.001
>AAAATCAA	7-AAAATCAA	8.665425	-15.877728	0	T:8.0(80.00%),B:2.4(3.69%),P:1e-6	Tpos:794.7,Tstd:424.0,Bpos:978.8,Bstd:439.0,StrandBias:1.4,Multiplicity:1.38
0.997	0.001	0.001	0.001
0.997	0.001	0.001	0.001
0.997	0.001	0.001	0.001
0.891	0.107	0.001	0.001
0.001	0.001	0.001	0.997
0.001	0.997	0.001	0.001
0.997	0.001	0.001	0.001
0.842	0.001	0.156	0.001
>CACTTCCT	8-CACTTCCT	8.112456	-15.877728	0	T:8.0(80.00%),B:2.7(4.22%),P:1e-6	Tpos:865.3,Tstd:389.0,Bpos:1001.0,Bstd:256.0,StrandBias:1.4,Multiplicity:1.38
0.001	0.925	0.001	0.073
0.587	0.376	0.036	0.001
0.215	0.637	0.001	0.147
0.001	0.073	0.073	0.853
0.001	0.073	0.001	0.925
0.001	0.925	0.001	0.073
0.107	0.785	0.107	0.001
0.001	0.401	0.001	0.597
>TCTGTSTC	9-TCTGTSTC	7.846243	-15.866658	0	T:10.0(100.00%),B:9.2(14.12%),P:1e-6	Tpos:673.5,Tstd:411.4,Bpos:801.9,Bstd:544.0,StrandBias:-0.8,Multiplicity:2.20
0.001	0.308	0.001	0.690
0.001	0.930	0.068	0.001
0.001	0.001	0.001	0.997
0.001	0.069	0.861	0.069
0.001	0.137	0.069	0.793
0.001	0.447	0.483	0.069
0.069	0.069	0.001	0.861
0.206	0.481	0.312	0.001
>GCTCCTGG	10-GCTCCTGG	8.258795	-14.483853	0	T:7.0(70.00%),B:1.4(2.22%),P:1e-6	Tpos:897.5,Tstd:398.5,Bpos:578.7,Bstd:299.5,StrandBias:0.2,Multiplicity:1.86
0.001	0.100	0.799	0.100
0.001	0.899	0.099	0.001
0.001	0.001	0.001	0.997
0.001	0.899	0.099	0.001
0.001	0.997	0.001	0.001
0.001	0.001	0.099	0.899
0.068	0.001	0.930	0.001
0.001	0.001	0.997	0.001
>TTCCTTCC	11-TTCCTTCC	7.654220	-13.690114	0	T:6.0(60.00%),B:0.6(0.86%),P:1e-5	Tpos:679.4,Tstd:363.9,Bpos:1116.0,Bstd:0.0,StrandBias:0.7,Multiplicity:1.33
0.090	0.006	0.094	0.810
0.001	0.280	0.012	0.707
0.001	0.638	0.150	0.211
0.001	0.997	0.001	0.001
0.090	0.281	0.001	0.628
0.001	0.090	0.096	0.813
0.096	0.513	0.094	0.297
0.001	0.754	0.098	0.147
>CTCAGTGY	12-CTCAGTGY	8.296278	-13.020262	0	T:7.0(70.00%),B:2.3(3.60%),P:1e-5	Tpos:725.6,Tstd:439.1,Bpos:878.2,Bstd:292.1,StrandBias:1.9,Multiplicity:2.00
0.001	0.997	0.001	0.001
0.001	0.001	0.001	0.997
0.001	0.798	0.001	0.200
0.997	0.001	0.001	0.001
0.001	0.001	0.997	0.001
0.026	0.001	0.001	0.972
0.001	0.340	0.658	0.001
0.001	0.514	0.001	0.484
>ATCTGGGG	13-ATCTGGGG	8.403314	-11.795939	0	T:6.0(60.00%),B:1.0(1.55%),P:1e-5	Tpos:628.2,Tstd:452.3,Bpos:903.5,Bstd:322.6,StrandBias:1.6,Multiplicity:1.33
0.740	0.097	0.097	0.066
0.096	0.001	0.001	0.902
0.001	0.933	0.065	0.001
0.001	0.001	0.001	0.997
0.001	0.096	0.902	0.001
0.065	0.001	0.933	0.001
0.001	0.001	0.997	0.001
0.001	0.001	0.997	0.001
>AATTTCCC	14-AATTTCCC	8.755643	-11.795939	0	T:6.0(60.00%),B:1.2(1.90%),P:1e-5	Tpos:705.7,Tstd:463.2,Bpos:637.3,Bstd:488.2,StrandBias:1.0,Multiplicity:1.50
0.997	0.001	0.001	0.001
0.997	0.001	0.001	0.001
0.001	0.001	0.001	0.997
0.137	0.001	0.137	0.725
0.001	0.001	0.001	0.997
0.001	0.997	0.001	0.001
0.136	0.862	0.001	0.001
0.001	0.997	0.001	0.001
>TCTCCAGC	15-TCTCCAGC	8.121761	-11.795939	0	T:6.0(60.00%),B:1.4(2.10%),P:1e-5	Tpos:1038.1,Tstd:324.7,Bpos:709.6,Bstd:25.1,StrandBias:1.2,Multiplicity:1.67
0.166	0.001	0.307	0.526
0.001	0.833	0.165	0.001
0.153	0.001	0.001	0.845
0.001	0.475	0.308	0.217
0.001	0.941	0.057	0.001
0.845	0.153	0.001	0.001
0.154	0.060	0.632	0.154
0.001	0.996	0.001	0.002
>AAACAAAA	16-AAACAAAA	10.920822	-8.608709	0	T:4.0(40.00%),B:0.6(0.95%),P:1e-3	Tpos:1154.2,Tstd:482.0,Bpos:804.0,Bstd:0.0,StrandBias:10.0,Multiplicity:1.25
0.997	0.001	0.001	0.001
0.997	0.001	0.001	0.001
0.997	0.001	0.001	0.001
0.001	0.997	0.001	0.001
0.862	0.001	0.136	0.001
0.997	0.001	0.001	0.001
0.997	0.001	0.001	0.001
0.997	0.001	0.001	0.001
>AGGAATAG	17-AGGAATAG	8.236954	-8.146178	0	T:5.0(50.00%),B:2.2(3.46%),P:1e-3	Tpos:450.4,Tstd:354.4,Bpos:401.3,Bstd:178.3,StrandBias:2.0,Multiplicity:1.00
0.700	0.100	0.100	0.100
0.100	0.100	0.700	0.100
0.100	0.100	0.700	0.100
0.700	0.100	0.100	0.100
0.700	0.100	0.100	0.100
0.100	0.100	0.100	0.700
0.700	0.100	0.100	0.100
0.100	0.100	0.700	0.100
>CATCCCAT	18-CATCCCAT	7.725390	-7.229010	0	T:5.0(50.00%),B:3.5(5.40%),P:1e-3	Tpos:908.9,Tstd:491.9,Bpos:1303.6,Bstd:172.8,StrandBias:-1.0,Multiplicity:2.40
0.001	0.997	0.001	0.001
0.997	0.001	0.001	0.001
0.001	0.332	0.001	0.666
0.001	0.997	0.001	0.001
0.001	0.997	0.001	0.001
0.106	0.851	0.042	0.001
0.997	0.001	0.001	0.001
0.001	0.001	0.001	0.997
>AAAAAAAA	19-AAAAAAAA	8.236954	-6.618211	0	T:6.0(60.00%),B:7.4(11.34%),P:1e-2	Tpos:548.7,Tstd:372.0,Bpos:573.1,Bstd:277.5,StrandBias:2.2,Multiplicity:1.50
0.700	0.100	0.100	0.100
0.700	0.100	0.100	0.100
0.700	0.100	0.100	0.100
0.700	0.100	0.100	0.100
0.700	0.100	0.100	0.100
0.700	0.100	0.100	0.100
0.700	0.100	0.100	0.100
0.700	0.100	0.100	0.100
>CTCTGTAA	20-CTCTGTAA	9.398009	-6.291939	0	T:3.0(30.00%),B:0.4(0.68%),P:1e-2	Tpos:406.7,Tstd:333.2,Bpos:1381.0,Bstd:0.0,StrandBias:1.3,Multiplicity:2.33
0.001	0.997	0.001	0.001
0.001	0.001	0.001	0.997
0.001	0.997	0.001	0.001
0.001	0.001	0.001	0.997
0.001	0.001	0.997	0.001
0.001	0.001	0.001	0.997
0.997	0.001	0.001	0.001
0.810	0.001	0.188	0.001
>ATGAATAA	21-ATGAATAA	10.647881	-6.043378	0	T:4.0(40.00%),B:2.2(3.33%),P:1e-2	Tpos:779.7,Tstd:218.8,Bpos:874.8,Bstd:402.1,StrandBias:0.4,Multiplicity:1.75
0.722	0.001	0.276	0.001
0.092	0.001	0.001	0.906
0.001	0.001	0.997	0.001
0.997	0.001	0.001	0.001
0.997	0.001	0.001	0.001
0.001	0.001	0.001	0.997
0.997	0.001	0.001	0.001
0.997	0.001	0.001	0.001
>GGAGTTCA	22-GGAGTTCA	8.236954	-6.043378	0	T:4.0(40.00%),B:2.4(3.68%),P:1e-2	Tpos:702.2,Tstd:483.8,Bpos:962.0,Bstd:0.0,StrandBias:2.0,Multiplicity:1.25
0.100	0.100	0.700	0.100
0.100	0.100	0.700	0.100
0.700	0.100	0.100	0.100
0.100	0.100	0.700	0.100
0.100	0.100	0.100	0.700
0.100	0.100	0.100	0.700
0.100	0.700	0.100	0.100
0.700	0.100	0.100	0.100
>CTGATTGG	23-CTGATTGG	6.097300	-5.854380	0	T:5.0(50.00%),B:5.9(9.05%),P:1e-2	Tpos:524.9,Tstd:444.5,Bpos:927.9,Bstd:209.2,StrandBias:-1.9,Multiplicity:2.80
0.113	0.661	0.128	0.098
0.165	0.054	0.080	0.701
0.113	0.170	0.584	0.133
0.609	0.183	0.112	0.096
0.137	0.162	0.164	0.537
0.109	0.046	0.130	0.715
0.120	0.085	0.637	0.158
0.108	0.164	0.558	0.170
